usertxn,33
unit,33
price,33
no,33
growth,33
gron,33
fund,33
folio,33
direct,33
canno,33
18018qzb17,33
plan,20
india,15
franklin,15
20390675,15
ultra,13
super,13
short,13
institutional,13
bond,13
sbi,8
chip,8
blue,8
16058204,8
hdfc,7
25,7
10950068,7
10,7
option,6
18018qzb17000017,6
cap,5
39,5
opportunities,4
mid,4
54,4
26,4
24,4
18018qzb17000019,4
18018qzb17000001,3
t,2
prima,2
l,2
equity,2
emerging,2
businesses,2
632,2
4921931,2
38,2
32,2
3086,2
18018qzb17000008,2
14,2
115182340000032,2
sun,1
small,1
life,1
hybrid,1
frontline,1
birla,1
balanced,1
aditya,1
9946,1
972,1
965,1
9407,1
9209,1
9178,1
91,1
904,1
8931,1
892,1
8734,1
8693,1
836,1
828,1
815,1
813,1
796,1
79,1
771,1
7709,1
76,1
7582,1
7490,1
723,1
71,1
70,1
699,1
682,1
662,1
64,1
621,1
62,1
61,1
594,1
586,1
560,1
555,1
537,1
5301,1
519,1
512,1
508,1
4868,1
4824,1
468,1
4587,1
4495,1
44,1
431,1
43,1
426,1
415,1
41,1
40,1
4,1
389,1
3865,1
372,1
357,1
342,1
323,1
311,1
3099,1
293,1
29,1
2580,1
258,1
2419,1
224182090000502,1
2231,1
223,1
222190590000243,1
221190180000054,1
221,1
219181440000453,1
218190240000646,1
217182410000052,1
217182340000032,1
213182750001670,1
2128,1
212190380001663,1
208190660001664,1
208190350000357,1
208182290000587,1
204190140000067,1
204183360002126,1
201190350000109,1
200,1
199,1
18460,1
184,1
181,1
18018qzb17000030,1
18018qzb17000029,1
18018qzb17000028,1
18018qzb17000027,1
18018qzb17000026,1
18018qzb17000024,1
18018qzb17000023,1
18018qzb17000022,1
18018qzb17000021,1
18018qzb17000018,1
18018qzb17000016,1
18018qzb17000010,1
18018qzb17000009,1
18018qzb17000007,1
18018qzb17000006,1
18018qzb17000004,1
18018qzb17000003,1
18018qzb17000002,1
169,1
157,1
154,1
1525,1
142,1
133,1
1306,1
130,1
122,1
119181760000210,1
119181440000452,1
119181440000451,1
117182170000063,1
115183280000128,1
113182750001675,1
113182750001674,1
113182750001673,1
113182750001672,1
113182750001671,1
112,1
108190640000069,1
106181790000286,1
106,1
1042,1
104183360002125,1
104183360002124,1
104183360002123,1
1036603168,1
1025,1
102182740000352,1
092,1
0752,1
073,1
067,1
056,1
0363,1
017,1
005,1
0021,1
001,1usertxn,1
unit,1
ultra,1
short,1
sbi,1
price,1
plan,1
no,1
magnum,1
growth,1
gron,1
fund,1
folio,1
duration,1
direct,1
canno,1
971,1
7989,1
4176,1
18018qzb17000031,1
18018qzb17,1
16058204,1
111190960000251,1
11,1usertxn,32
no,32
growth,32
gron,32
fund,32
folio,32
direct,32
canno,32
18018qzb17,32
plan,15
sbi,14
cap,14
18018qzb17000012,14
16058204,14
ultra,8
super,8
short,8
institutional,8
india,8
franklin,8
bond,8
222182410000083,8
20390675,8
18018qzb17000015,8
small,7
option,7
opportunities,7
mid,7
hdfc,7
chip,7
blue,7
18018qzb17000005,7
117182410000058,7
117182410000057,7
114182120000053,7
10950068,7
10,7
term,3
long,3
equity,3
axis,3
325190140000058,3
18018qzb17000020,3
0,3usertxn,33
unit,33
price,33
no,33
growth,33
gron,33
fund,33
folio,33
direct,33
canno,33
18018qzb17,33
plan,20
india,15
franklin,15
20390675,15
ultra,13
super,13
short,13
institutional,13
bond,13
sbi,8
chip,8
blue,8
16058204,8
hdfc,7
25,7
10950068,7
10,7
option,6
18018qzb17000017,6
cap,5
39,5
opportunities,4
mid,4
54,4
26,4
24,4
18018qzb17000019,4
18018qzb17000001,3
t,2
prima,2
l,2
equity,2
emerging,2
businesses,2
632,2
4921931,2
38,2
32,2
3086,2
18018qzb17000008,2
14,2
115182340000032,2
sun,1
small,1
life,1
hybrid,1
frontline,1
birla,1
balanced,1
aditya,1
9946,1
972,1
965,1
9407,1
9209,1
9178,1
91,1
904,1
8931,1
892,1
8734,1
8693,1
836,1
828,1
815,1
813,1
796,1
79,1
771,1
7709,1
76,1
7582,1
7490,1
723,1
71,1
70,1
699,1
682,1
662,1
64,1
621,1
62,1
61,1
594,1
586,1
560,1
555,1
537,1
5301,1
519,1
512,1
508,1
4868,1
4824,1
468,1
4587,1
4495,1
44,1
431,1
43,1
426,1
415,1
41,1
40,1
4,1
389,1
3865,1
372,1
357,1
342,1
323,1
311,1
3099,1
293,1
29,1
2580,1
258,1
2419,1
224182090000502,1
2231,1
223,1
222190590000243,1
221190180000054,1
221,1
219181440000453,1
218190240000646,1
217182410000052,1
217182340000032,1
213182750001670,1
2128,1
212190380001663,1
208190660001664,1
208190350000357,1
208182290000587,1
204190140000067,1
204183360002126,1
201190350000109,1
200,1
199,1
18460,1
184,1
181,1
18018qzb17000030,1
18018qzb17000029,1
18018qzb17000028,1
18018qzb17000027,1
18018qzb17000026,1
18018qzb17000024,1
18018qzb17000023,1
18018qzb17000022,1
18018qzb17000021,1
18018qzb17000018,1
18018qzb17000016,1
18018qzb17000010,1
18018qzb17000009,1
18018qzb17000007,1
18018qzb17000006,1
18018qzb17000004,1
18018qzb17000003,1
18018qzb17000002,1
169,1
157,1
154,1
1525,1
142,1
133,1
1306,1
130,1
122,1
119181760000210,1
119181440000452,1
119181440000451,1
117182170000063,1
115183280000128,1
113182750001675,1
113182750001674,1
113182750001673,1
113182750001672,1
113182750001671,1
112,1
108190640000069,1
106181790000286,1
106,1
1042,1
104183360002125,1
104183360002124,1
104183360002123,1
1036603168,1
1025,1
102182740000352,1
092,1
0752,1
073,1
067,1
056,1
0363,1
017,1
005,1
0021,1
001,1usertxn,1
unit,1
ultra,1
short,1
sbi,1
price,1
plan,1
no,1
magnum,1
growth,1
gron,1
fund,1
folio,1
duration,1
direct,1
canno,1
971,1
7989,1
4176,1
18018qzb17000031,1
18018qzb17,1
16058204,1
111190960000251,1
11,1usertxn,32
no,32
growth,32
gron,32
fund,32
folio,32
direct,32
canno,32
18018qzb17,32
plan,15
sbi,14
cap,14
18018qzb17000012,14
16058204,14
ultra,8
super,8
short,8
institutional,8
india,8
franklin,8
bond,8
222182410000083,8
20390675,8
18018qzb17000015,8
small,7
option,7
opportunities,7
mid,7
hdfc,7
chip,7
blue,7
18018qzb17000005,7
117182410000058,7
117182410000057,7
114182120000053,7
10950068,7
10,7
term,3
long,3
equity,3
axis,3
325190140000058,3
18018qzb17000020,3
0,3usertxn,33
unit,33
price,33
no,33
growth,33
gron,33
fund,33
folio,33
direct,33
canno,33
18018qzb17,33
plan,20
india,15
franklin,15
20390675,15
ultra,13
super,13
short,13
institutional,13
bond,13
sbi,8
chip,8
blue,8
16058204,8
hdfc,7
25,7
10950068,7
10,7
option,6
18018qzb17000017,6
cap,5
39,5
opportunities,4
mid,4
54,4
26,4
24,4
18018qzb17000019,4
18018qzb17000001,3
t,2
prima,2
l,2
equity,2
emerging,2
businesses,2
632,2
4921931,2
38,2
32,2
3086,2
18018qzb17000008,2
14,2
115182340000032,2
sun,1
small,1
life,1
hybrid,1
frontline,1
birla,1
balanced,1
aditya,1
9946,1
972,1
965,1
9407,1
9209,1
9178,1
91,1
904,1
8931,1
892,1
8734,1
8693,1
836,1
828,1
815,1
813,1
796,1
79,1
771,1
7709,1
76,1
7582,1
7490,1
723,1
71,1
70,1
699,1
682,1
662,1
64,1
621,1
62,1
61,1
594,1
586,1
560,1
555,1
537,1
5301,1
519,1
512,1
508,1
4868,1
4824,1
468,1
4587,1
4495,1
44,1
431,1
43,1
426,1
415,1
41,1
40,1
4,1
389,1
3865,1
372,1
357,1
342,1
323,1
311,1
3099,1
293,1
29,1
2580,1
258,1
2419,1
224182090000502,1
2231,1
223,1
222190590000243,1
221190180000054,1
221,1
219181440000453,1
218190240000646,1
217182410000052,1
217182340000032,1
213182750001670,1
2128,1
212190380001663,1
208190660001664,1
208190350000357,1
208182290000587,1
204190140000067,1
204183360002126,1
201190350000109,1
200,1
199,1
18460,1
184,1
181,1
18018qzb17000030,1
18018qzb17000029,1
18018qzb17000028,1
18018qzb17000027,1
18018qzb17000026,1
18018qzb17000024,1
18018qzb17000023,1
18018qzb17000022,1
18018qzb17000021,1
18018qzb17000018,1
18018qzb17000016,1
18018qzb17000010,1
18018qzb17000009,1
18018qzb17000007,1
18018qzb17000006,1
18018qzb17000004,1
18018qzb17000003,1
18018qzb17000002,1
169,1
157,1
154,1
1525,1
142,1
133,1
1306,1
130,1
122,1
119181760000210,1
119181440000452,1
119181440000451,1
117182170000063,1
115183280000128,1
113182750001675,1
113182750001674,1
113182750001673,1
113182750001672,1
113182750001671,1
112,1
108190640000069,1
106181790000286,1
106,1
1042,1
104183360002125,1
104183360002124,1
104183360002123,1
1036603168,1
1025,1
102182740000352,1
092,1
0752,1
073,1
067,1
056,1
0363,1
017,1
005,1
0021,1
001,1usertxn,1
unit,1
ultra,1
short,1
sbi,1
price,1
plan,1
no,1
magnum,1
growth,1
gron,1
fund,1
folio,1
duration,1
direct,1
canno,1
971,1
7989,1
4176,1
18018qzb17000031,1
18018qzb17,1
16058204,1
111190960000251,1
11,1usertxn,32
no,32
growth,32
gron,32
fund,32
folio,32
direct,32
canno,32
18018qzb17,32
plan,15
sbi,14
cap,14
18018qzb17000012,14
16058204,14
ultra,8
super,8
short,8
institutional,8
india,8
franklin,8
bond,8
222182410000083,8
20390675,8
18018qzb17000015,8
small,7
option,7
opportunities,7
mid,7
hdfc,7
chip,7
blue,7
18018qzb17000005,7
117182410000058,7
117182410000057,7
114182120000053,7
10950068,7
10,7
term,3
long,3
equity,3
axis,3
325190140000058,3
18018qzb17000020,3
0,3usertxn,33
unit,33
price,33
no,33
growth,33
gron,33
fund,33
folio,33
direct,33
canno,33
18018qzb17,33
plan,20
india,15
franklin,15
20390675,15
ultra,13
super,13
short,13
institutional,13
bond,13
sbi,8
chip,8
blue,8
16058204,8
hdfc,7
25,7
10950068,7
10,7
option,6
18018qzb17000017,6
cap,5
39,5
opportunities,4
mid,4
54,4
26,4
24,4
18018qzb17000019,4
18018qzb17000001,3
t,2
prima,2
l,2
equity,2
emerging,2
businesses,2
632,2
4921931,2
38,2
32,2
3086,2
18018qzb17000008,2
14,2
115182340000032,2
sun,1
small,1
life,1
hybrid,1
frontline,1
birla,1
balanced,1
aditya,1
9946,1
972,1
965,1
9407,1
9209,1
9178,1
91,1
904,1
8931,1
892,1
8734,1
8693,1
836,1
828,1
815,1
813,1
796,1
79,1
771,1
7709,1
76,1
7582,1
7490,1
723,1
71,1
70,1
699,1
682,1
662,1
64,1
621,1
62,1
61,1
594,1
586,1
560,1
555,1
537,1
5301,1
519,1
512,1
508,1
4868,1
4824,1
468,1
4587,1
4495,1
44,1
431,1
43,1
426,1
415,1
41,1
40,1
4,1
389,1
3865,1
372,1
357,1
342,1
323,1
311,1
3099,1
293,1
29,1
2580,1
258,1
2419,1
224182090000502,1
2231,1
223,1
222190590000243,1
221190180000054,1
221,1
219181440000453,1
218190240000646,1
217182410000052,1
217182340000032,1
213182750001670,1
2128,1
212190380001663,1
208190660001664,1
208190350000357,1
208182290000587,1
204190140000067,1
204183360002126,1
201190350000109,1
200,1
199,1
18460,1
184,1
181,1
18018qzb17000030,1
18018qzb17000029,1
18018qzb17000028,1
18018qzb17000027,1
18018qzb17000026,1
18018qzb17000024,1
18018qzb17000023,1
18018qzb17000022,1
18018qzb17000021,1
18018qzb17000018,1
18018qzb17000016,1
18018qzb17000010,1
18018qzb17000009,1
18018qzb17000007,1
18018qzb17000006,1
18018qzb17000004,1
18018qzb17000003,1
18018qzb17000002,1
169,1
157,1
154,1
1525,1
142,1
133,1
1306,1
130,1
122,1
119181760000210,1
119181440000452,1
119181440000451,1
117182170000063,1
115183280000128,1
113182750001675,1
113182750001674,1
113182750001673,1
113182750001672,1
113182750001671,1
112,1
108190640000069,1
106181790000286,1
106,1
1042,1
104183360002125,1
104183360002124,1
104183360002123,1
1036603168,1
1025,1
102182740000352,1
092,1
0752,1
073,1
067,1
056,1
0363,1
017,1
005,1
0021,1
001,1usertxn,1
unit,1
ultra,1
short,1
sbi,1
price,1
plan,1
no,1
magnum,1
growth,1
gron,1
fund,1
folio,1
duration,1
direct,1
canno,1
971,1
7989,1
4176,1
18018qzb17000031,1
18018qzb17,1
16058204,1
111190960000251,1
11,1usertxn,32
no,32
growth,32
gron,32
fund,32
folio,32
direct,32
canno,32
18018qzb17,32
plan,15
sbi,14
cap,14
18018qzb17000012,14
16058204,14
ultra,8
super,8
short,8
institutional,8
india,8
franklin,8
bond,8
222182410000083,8
20390675,8
18018qzb17000015,8
small,7
option,7
opportunities,7
mid,7
hdfc,7
chip,7
blue,7
18018qzb17000005,7
117182410000058,7
117182410000057,7
114182120000053,7
10950068,7
10,7
term,3
long,3
equity,3
axis,3
325190140000058,3
18018qzb17000020,3
0,3usertxn,33
unit,33
price,33
no,33
growth,33
gron,33
fund,33
folio,33
direct,33
canno,33
18018qzb17,33
plan,20
india,15
franklin,15
20390675,15
ultra,13
super,13
short,13
institutional,13
bond,13
sbi,8
chip,8
blue,8
16058204,8
hdfc,7
25,7
10950068,7
10,7
option,6
18018qzb17000017,6
cap,5
39,5
opportunities,4
mid,4
54,4
26,4
24,4
18018qzb17000019,4
18018qzb17000001,3
t,2
prima,2
l,2
equity,2
emerging,2
businesses,2
632,2
4921931,2
38,2
32,2
3086,2
18018qzb17000008,2
14,2
115182340000032,2
sun,1
small,1
life,1
hybrid,1
frontline,1
birla,1
balanced,1
aditya,1
9946,1
972,1
965,1
9407,1
9209,1
9178,1
91,1
904,1
8931,1
892,1
8734,1
8693,1
836,1
828,1
815,1
813,1
796,1
79,1
771,1
7709,1
76,1
7582,1
7490,1
723,1
71,1
70,1
699,1
682,1
662,1
64,1
621,1
62,1
61,1
594,1
586,1
560,1
555,1
537,1
5301,1
519,1
512,1
508,1
4868,1
4824,1
468,1
4587,1
4495,1
44,1
431,1
43,1
426,1
415,1
41,1
40,1
4,1
389,1
3865,1
372,1
357,1
342,1
323,1
311,1
3099,1
293,1
29,1
2580,1
258,1
2419,1
224182090000502,1
2231,1
223,1
222190590000243,1
221190180000054,1
221,1
219181440000453,1
218190240000646,1
217182410000052,1
217182340000032,1
213182750001670,1
2128,1
212190380001663,1
208190660001664,1
208190350000357,1
208182290000587,1
204190140000067,1
204183360002126,1
201190350000109,1
200,1
199,1
18460,1
184,1
181,1
18018qzb17000030,1
18018qzb17000029,1
18018qzb17000028,1
18018qzb17000027,1
18018qzb17000026,1
18018qzb17000024,1
18018qzb17000023,1
18018qzb17000022,1
18018qzb17000021,1
18018qzb17000018,1
18018qzb17000016,1
18018qzb17000010,1
18018qzb17000009,1
18018qzb17000007,1
18018qzb17000006,1
18018qzb17000004,1
18018qzb17000003,1
18018qzb17000002,1
169,1
157,1
154,1
1525,1
142,1
133,1
1306,1
130,1
122,1
119181760000210,1
119181440000452,1
119181440000451,1
117182170000063,1
115183280000128,1
113182750001675,1
113182750001674,1
113182750001673,1
113182750001672,1
113182750001671,1
112,1
108190640000069,1
106181790000286,1
106,1
1042,1
104183360002125,1
104183360002124,1
104183360002123,1
1036603168,1
1025,1
102182740000352,1
092,1
0752,1
073,1
067,1
056,1
0363,1
017,1
005,1
0021,1
001,1usertxn,1
unit,1
ultra,1
short,1
sbi,1
price,1
plan,1
no,1
magnum,1
growth,1
gron,1
fund,1
folio,1
duration,1
direct,1
canno,1
971,1
7989,1
4176,1
18018qzb17000031,1
18018qzb17,1
16058204,1
111190960000251,1
11,1usertxn,32
no,32
growth,32
gron,32
fund,32
folio,32
direct,32
canno,32
18018qzb17,32
plan,15
sbi,14
cap,14
18018qzb17000012,14
16058204,14
ultra,8
super,8
short,8
institutional,8
india,8
franklin,8
bond,8
222182410000083,8
20390675,8
18018qzb17000015,8
small,7
option,7
opportunities,7
mid,7
hdfc,7
chip,7
blue,7
18018qzb17000005,7
117182410000058,7
117182410000057,7
114182120000053,7
10950068,7
10,7
term,3
long,3
equity,3
axis,3
325190140000058,3
18018qzb17000020,3
0,3usertxn,33
unit,33
price,33
no,33
growth,33
gron,33
fund,33
folio,33
direct,33
canno,33
18018qzb17,33
plan,20
india,15
franklin,15
20390675,15
ultra,13
super,13
short,13
institutional,13
bond,13
sbi,8
chip,8
blue,8
16058204,8
hdfc,7
25,7
10950068,7
10,7
option,6
18018qzb17000017,6
cap,5
39,5
opportunities,4
mid,4
54,4
26,4
24,4
18018qzb17000019,4
18018qzb17000001,3
t,2
prima,2
l,2
equity,2
emerging,2
businesses,2
632,2
4921931,2
38,2
32,2
3086,2
18018qzb17000008,2
14,2
115182340000032,2
sun,1
small,1
life,1
hybrid,1
frontline,1
birla,1
balanced,1
aditya,1
9946,1
972,1
965,1
9407,1
9209,1
9178,1
91,1
904,1
8931,1
892,1
8734,1
8693,1
836,1
828,1
815,1
813,1
796,1
79,1
771,1
7709,1
76,1
7582,1
7490,1
723,1
71,1
70,1
699,1
682,1
662,1
64,1
621,1
62,1
61,1
594,1
586,1
560,1
555,1
537,1
5301,1
519,1
512,1
508,1
4868,1
4824,1
468,1
4587,1
4495,1
44,1
431,1
43,1
426,1
415,1
41,1
40,1
4,1
389,1
3865,1
372,1
357,1
342,1
323,1
311,1
3099,1
293,1
29,1
2580,1
258,1
2419,1
224182090000502,1
2231,1
223,1
222190590000243,1
221190180000054,1
221,1
219181440000453,1
218190240000646,1
217182410000052,1
217182340000032,1
213182750001670,1
2128,1
212190380001663,1
208190660001664,1
208190350000357,1
208182290000587,1
204190140000067,1
204183360002126,1
201190350000109,1
200,1
199,1
18460,1
184,1
181,1
18018qzb17000030,1
18018qzb17000029,1
18018qzb17000028,1
18018qzb17000027,1
18018qzb17000026,1
18018qzb17000024,1
18018qzb17000023,1
18018qzb17000022,1
18018qzb17000021,1
18018qzb17000018,1
18018qzb17000016,1
18018qzb17000010,1
18018qzb17000009,1
18018qzb17000007,1
18018qzb17000006,1
18018qzb17000004,1
18018qzb17000003,1
18018qzb17000002,1
169,1
157,1
154,1
1525,1
142,1
133,1
1306,1
130,1
122,1
119181760000210,1
119181440000452,1
119181440000451,1
117182170000063,1
115183280000128,1
113182750001675,1
113182750001674,1
113182750001673,1
113182750001672,1
113182750001671,1
112,1
108190640000069,1
106181790000286,1
106,1
1042,1
104183360002125,1
104183360002124,1
104183360002123,1
1036603168,1
1025,1
102182740000352,1
092,1
0752,1
073,1
067,1
056,1
0363,1
017,1
005,1
0021,1
001,1usertxn,1
unit,1
ultra,1
short,1
sbi,1
price,1
plan,1
no,1
magnum,1
growth,1
gron,1
fund,1
folio,1
duration,1
direct,1
canno,1
971,1
7989,1
4176,1
18018qzb17000031,1
18018qzb17,1
16058204,1
111190960000251,1
11,1usertxn,32
no,32
growth,32
gron,32
fund,32
folio,32
direct,32
canno,32
18018qzb17,32
plan,15
sbi,14
cap,14
18018qzb17000012,14
16058204,14
ultra,8
super,8
short,8
institutional,8
india,8
franklin,8
bond,8
222182410000083,8
20390675,8
18018qzb17000015,8
small,7
option,7
opportunities,7
mid,7
hdfc,7
chip,7
blue,7
18018qzb17000005,7
117182410000058,7
117182410000057,7
114182120000053,7
10950068,7
10,7
term,3
long,3
equity,3
axis,3
325190140000058,3
18018qzb17000020,3
0,3usertxn,33
unit,33
price,33
no,33
growth,33
gron,33
fund,33
folio,33
direct,33
canno,33
18018qzb17,33
plan,20
india,15
franklin,15
20390675,15
ultra,13
super,13
short,13
institutional,13
bond,13
sbi,8
chip,8
blue,8
16058204,8
hdfc,7
25,7
10950068,7
10,7
option,6
18018qzb17000017,6
cap,5
39,5
opportunities,4
mid,4
54,4
26,4
24,4
18018qzb17000019,4
18018qzb17000001,3
t,2
prima,2
l,2
equity,2
emerging,2
businesses,2
632,2
4921931,2
38,2
32,2
3086,2
18018qzb17000008,2
14,2
115182340000032,2
sun,1
small,1
life,1
hybrid,1
frontline,1
birla,1
balanced,1
aditya,1
9946,1
972,1
965,1
9407,1
9209,1
9178,1
91,1
904,1
8931,1
892,1
8734,1
8693,1
836,1
828,1
815,1
813,1
796,1
79,1
771,1
7709,1
76,1
7582,1
7490,1
723,1
71,1
70,1
699,1
682,1
662,1
64,1
621,1
62,1
61,1
594,1
586,1
560,1
555,1
537,1
5301,1
519,1
512,1
508,1
4868,1
4824,1
468,1
4587,1
4495,1
44,1
431,1
43,1
426,1
415,1
41,1
40,1
4,1
389,1
3865,1
372,1
357,1
342,1
323,1
311,1
3099,1
293,1
29,1
2580,1
258,1
2419,1
224182090000502,1
2231,1
223,1
222190590000243,1
221190180000054,1
221,1
219181440000453,1
218190240000646,1
217182410000052,1
217182340000032,1
213182750001670,1
2128,1
212190380001663,1
208190660001664,1
208190350000357,1
208182290000587,1
204190140000067,1
204183360002126,1
201190350000109,1
200,1
199,1
18460,1
184,1
181,1
18018qzb17000030,1
18018qzb17000029,1
18018qzb17000028,1
18018qzb17000027,1
18018qzb17000026,1
18018qzb17000024,1
18018qzb17000023,1
18018qzb17000022,1
18018qzb17000021,1
18018qzb17000018,1
18018qzb17000016,1
18018qzb17000010,1
18018qzb17000009,1
18018qzb17000007,1
18018qzb17000006,1
18018qzb17000004,1
18018qzb17000003,1
18018qzb17000002,1
169,1
157,1
154,1
1525,1
142,1
133,1
1306,1
130,1
122,1
119181760000210,1
119181440000452,1
119181440000451,1
117182170000063,1
115183280000128,1
113182750001675,1
113182750001674,1
113182750001673,1
113182750001672,1
113182750001671,1
112,1
108190640000069,1
106181790000286,1
106,1
1042,1
104183360002125,1
104183360002124,1
104183360002123,1
1036603168,1
1025,1
102182740000352,1
092,1
0752,1
073,1
067,1
056,1
0363,1
017,1
005,1
0021,1
001,1usertxn,1
unit,1
ultra,1
short,1
sbi,1
price,1
plan,1
no,1
magnum,1
growth,1
gron,1
fund,1
folio,1
duration,1
direct,1
canno,1
971,1
7989,1
4176,1
18018qzb17000031,1
18018qzb17,1
16058204,1
111190960000251,1
11,1usertxn,32
no,32
growth,32
gron,32
fund,32
folio,32
direct,32
canno,32
18018qzb17,32
plan,15
sbi,14
cap,14
18018qzb17000012,14
16058204,14
ultra,8
super,8
short,8
institutional,8
india,8
franklin,8
bond,8
222182410000083,8
20390675,8
18018qzb17000015,8
small,7
option,7
opportunities,7
mid,7
hdfc,7
chip,7
blue,7
18018qzb17000005,7
117182410000058,7
117182410000057,7
114182120000053,7
10950068,7
10,7
term,3
long,3
equity,3
axis,3
325190140000058,3
18018qzb17000020,3
0,3usertxn,33
unit,33
price,33
no,33
growth,33
gron,33
fund,33
folio,33
direct,33
canno,33
18018qzb17,33
plan,20
india,15
franklin,15
20390675,15
ultra,13
super,13
short,13
institutional,13
bond,13
sbi,8
chip,8
blue,8
16058204,8
hdfc,7
25,7
10950068,7
10,7
option,6
18018qzb17000017,6
cap,5
39,5
opportunities,4
mid,4
54,4
26,4
24,4
18018qzb17000019,4
18018qzb17000001,3
t,2
prima,2
l,2
equity,2
emerging,2
businesses,2
632,2
4921931,2
38,2
32,2
3086,2
18018qzb17000008,2
14,2
115182340000032,2
sun,1
small,1
life,1
hybrid,1
frontline,1
birla,1
balanced,1
aditya,1
9946,1
972,1
965,1
9407,1
9209,1
9178,1
91,1
904,1
8931,1
892,1
8734,1
8693,1
836,1
828,1
815,1
813,1
796,1
79,1
771,1
7709,1
76,1
7582,1
7490,1
723,1
71,1
70,1
699,1
682,1
662,1
64,1
621,1
62,1
61,1
594,1
586,1
560,1
555,1
537,1
5301,1
519,1
512,1
508,1
4868,1
4824,1
468,1
4587,1
4495,1
44,1
431,1
43,1
426,1
415,1
41,1
40,1
4,1
389,1
3865,1
372,1
357,1
342,1
323,1
311,1
3099,1
293,1
29,1
2580,1
258,1
2419,1
224182090000502,1
2231,1
223,1
222190590000243,1
221190180000054,1
221,1
219181440000453,1
218190240000646,1
217182410000052,1
217182340000032,1
213182750001670,1
2128,1
212190380001663,1
208190660001664,1
208190350000357,1
208182290000587,1
204190140000067,1
204183360002126,1
201190350000109,1
200,1
199,1
18460,1
184,1
181,1
18018qzb17000030,1
18018qzb17000029,1
18018qzb17000028,1
18018qzb17000027,1
18018qzb17000026,1
18018qzb17000024,1
18018qzb17000023,1
18018qzb17000022,1
18018qzb17000021,1
18018qzb17000018,1
18018qzb17000016,1
18018qzb17000010,1
18018qzb17000009,1
18018qzb17000007,1
18018qzb17000006,1
18018qzb17000004,1
18018qzb17000003,1
18018qzb17000002,1
169,1
157,1
154,1
1525,1
142,1
133,1
1306,1
130,1
122,1
119181760000210,1
119181440000452,1
119181440000451,1
117182170000063,1
115183280000128,1
113182750001675,1
113182750001674,1
113182750001673,1
113182750001672,1
113182750001671,1
112,1
108190640000069,1
106181790000286,1
106,1
1042,1
104183360002125,1
104183360002124,1
104183360002123,1
1036603168,1
1025,1
102182740000352,1
092,1
0752,1
073,1
067,1
056,1
0363,1
017,1
005,1
0021,1
001,1usertxn,1
unit,1
ultra,1
short,1
sbi,1
price,1
plan,1
no,1
magnum,1
growth,1
gron,1
fund,1
folio,1
duration,1
direct,1
canno,1
971,1
7989,1
4176,1
18018qzb17000031,1
18018qzb17,1
16058204,1
111190960000251,1
11,1usertxn,32
no,32
growth,32
gron,32
fund,32
folio,32
direct,32
canno,32
18018qzb17,32
plan,15
sbi,14
cap,14
18018qzb17000012,14
16058204,14
ultra,8
super,8
short,8
institutional,8
india,8
franklin,8
bond,8
222182410000083,8
20390675,8
18018qzb17000015,8
small,7
option,7
opportunities,7
mid,7
hdfc,7
chip,7
blue,7
18018qzb17000005,7
117182410000058,7
117182410000057,7
114182120000053,7
10950068,7
10,7
term,3
long,3
equity,3
axis,3
325190140000058,3
18018qzb17000020,3
0,3usertxn,33
unit,33
price,33
no,33
growth,33
gron,33
fund,33
folio,33
direct,33
canno,33
18018qzb17,33
plan,20
india,15
franklin,15
20390675,15
ultra,13
super,13
short,13
institutional,13
bond,13
sbi,8
chip,8
blue,8
16058204,8
hdfc,7
25,7
10950068,7
10,7
option,6
18018qzb17000017,6
cap,5
39,5
opportunities,4
mid,4
54,4
26,4
24,4
18018qzb17000019,4
18018qzb17000001,3
t,2
prima,2
l,2
equity,2
emerging,2
businesses,2
632,2
4921931,2
38,2
32,2
3086,2
18018qzb17000008,2
14,2
115182340000032,2
sun,1
small,1
life,1
hybrid,1
frontline,1
birla,1
balanced,1
aditya,1
9946,1
972,1
965,1
9407,1
9209,1
9178,1
91,1
904,1
8931,1
892,1
8734,1
8693,1
836,1
828,1
815,1
813,1
796,1
79,1
771,1
7709,1
76,1
7582,1
7490,1
723,1
71,1
70,1
699,1
682,1
662,1
64,1
621,1
62,1
61,1
594,1
586,1
560,1
555,1
537,1
5301,1
519,1
512,1
508,1
4868,1
4824,1
468,1
4587,1
4495,1
44,1
431,1
43,1
426,1
415,1
41,1
40,1
4,1
389,1
3865,1
372,1
357,1
342,1
323,1
311,1
3099,1
293,1
29,1
2580,1
258,1
2419,1
224182090000502,1
2231,1
223,1
222190590000243,1
221190180000054,1
221,1
219181440000453,1
218190240000646,1
217182410000052,1
217182340000032,1
213182750001670,1
2128,1
212190380001663,1
208190660001664,1
208190350000357,1
208182290000587,1
204190140000067,1
204183360002126,1
201190350000109,1
200,1
199,1
18460,1
184,1
181,1
18018qzb17000030,1
18018qzb17000029,1
18018qzb17000028,1
18018qzb17000027,1
18018qzb17000026,1
18018qzb17000024,1
18018qzb17000023,1
18018qzb17000022,1
18018qzb17000021,1
18018qzb17000018,1
18018qzb17000016,1
18018qzb17000010,1
18018qzb17000009,1
18018qzb17000007,1
18018qzb17000006,1
18018qzb17000004,1
18018qzb17000003,1
18018qzb17000002,1
169,1
157,1
154,1
1525,1
142,1
133,1
1306,1
130,1
122,1
119181760000210,1
119181440000452,1
119181440000451,1
117182170000063,1
115183280000128,1
113182750001675,1
113182750001674,1
113182750001673,1
113182750001672,1
113182750001671,1
112,1
108190640000069,1
106181790000286,1
106,1
1042,1
104183360002125,1
104183360002124,1
104183360002123,1
1036603168,1
1025,1
102182740000352,1
092,1
0752,1
073,1
067,1
056,1
0363,1
017,1
005,1
0021,1
001,1usertxn,1
unit,1
ultra,1
short,1
sbi,1
price,1
plan,1
no,1
magnum,1
growth,1
gron,1
fund,1
folio,1
duration,1
direct,1
canno,1
971,1
7989,1
4176,1
18018qzb17000031,1
18018qzb17,1
16058204,1
111190960000251,1
11,1usertxn,32
no,32
growth,32
gron,32
fund,32
folio,32
direct,32
canno,32
18018qzb17,32
plan,15
sbi,14
cap,14
18018qzb17000012,14
16058204,14
ultra,8
super,8
short,8
institutional,8
india,8
franklin,8
bond,8
222182410000083,8
20390675,8
18018qzb17000015,8
small,7
option,7
opportunities,7
mid,7
hdfc,7
chip,7
blue,7
18018qzb17000005,7
117182410000058,7
117182410000057,7
114182120000053,7
10950068,7
10,7
term,3
long,3
equity,3
axis,3
325190140000058,3
18018qzb17000020,3
0,3fund,136
growth,68
folio,68
sbi,20
regular,20
plan,20
chip,20
blue,20
16058204,20
prudential,17
icici,17
hdfc,17
8627448,17
69,17
10950068,17
10,17
equity,16
value,15
discovery,15
balanced,15
india,14
franklin,14
20390675,14
savings,2
hybrid,2usertxn,33
unit,33
price,33
no,33
growth,33
gron,33
fund,33
folio,33
direct,33
canno,33
18018qzb17,33
plan,20
india,15
franklin,15
20390675,15
ultra,13
super,13
short,13
institutional,13
bond,13
sbi,8
chip,8
blue,8
16058204,8
hdfc,7
25,7
10950068,7
10,7
option,6
18018qzb17000017,6
cap,5
39,5
opportunities,4
mid,4
54,4
26,4
24,4
18018qzb17000019,4
18018qzb17000001,3
t,2
prima,2
l,2
equity,2
emerging,2
businesses,2
632,2
4921931,2
38,2
32,2
3086,2
18018qzb17000008,2
14,2
115182340000032,2
sun,1
small,1
life,1
hybrid,1
frontline,1
birla,1
balanced,1
aditya,1
9946,1
972,1
965,1
9407,1
9209,1
9178,1
91,1
904,1
8931,1
892,1
8734,1
8693,1
836,1
828,1
815,1
813,1
796,1
79,1
771,1
7709,1
76,1
7582,1
7490,1
723,1
71,1
70,1
699,1
682,1
662,1
64,1
621,1
62,1
61,1
594,1
586,1
560,1
555,1
537,1
5301,1
519,1
512,1
508,1
4868,1
4824,1
468,1
4587,1
4495,1
44,1
431,1
43,1
426,1
415,1
41,1
40,1
4,1
389,1
3865,1
372,1
357,1
342,1
323,1
311,1
3099,1
293,1
29,1
2580,1
258,1
2419,1
224182090000502,1
2231,1
223,1
222190590000243,1
221190180000054,1
221,1
219181440000453,1
218190240000646,1
217182410000052,1
217182340000032,1
213182750001670,1
2128,1
212190380001663,1
208190660001664,1
208190350000357,1
208182290000587,1
204190140000067,1
204183360002126,1
201190350000109,1
200,1
199,1
18460,1
184,1
181,1
18018qzb17000030,1
18018qzb17000029,1
18018qzb17000028,1
18018qzb17000027,1
18018qzb17000026,1
18018qzb17000024,1
18018qzb17000023,1
18018qzb17000022,1
18018qzb17000021,1
18018qzb17000018,1
18018qzb17000016,1
18018qzb17000010,1
18018qzb17000009,1
18018qzb17000007,1
18018qzb17000006,1
18018qzb17000004,1
18018qzb17000003,1
18018qzb17000002,1
169,1
157,1
154,1
1525,1
142,1
133,1
1306,1
130,1
122,1
119181760000210,1
119181440000452,1
119181440000451,1
117182170000063,1
115183280000128,1
113182750001675,1
113182750001674,1
113182750001673,1
113182750001672,1
113182750001671,1
112,1
108190640000069,1
106181790000286,1
106,1
1042,1
104183360002125,1
104183360002124,1
104183360002123,1
1036603168,1
1025,1
102182740000352,1
092,1
0752,1
073,1
067,1
056,1
0363,1
017,1
005,1
0021,1
001,1usertxn,1
unit,1
ultra,1
short,1
sbi,1
price,1
plan,1
no,1
magnum,1
growth,1
gron,1
fund,1
folio,1
duration,1
direct,1
canno,1
971,1
7989,1
4176,1
18018qzb17000031,1
18018qzb17,1
16058204,1
111190960000251,1
11,1usertxn,32
no,32
growth,32
gron,32
fund,32
folio,32
direct,32
canno,32
18018qzb17,32
plan,15
sbi,14
cap,14
18018qzb17000012,14
16058204,14
ultra,8
super,8
short,8
institutional,8
india,8
franklin,8
bond,8
222182410000083,8
20390675,8
18018qzb17000015,8
small,7
option,7
opportunities,7
mid,7
hdfc,7
chip,7
blue,7
18018qzb17000005,7
117182410000058,7
117182410000057,7
114182120000053,7
10950068,7
10,7
term,3
long,3
equity,3
axis,3
325190140000058,3
18018qzb17000020,3
0,3usertxn,33
unit,33
price,33
no,33
growth,33
gron,33
fund,33
folio,33
direct,33
canno,33
18018qzb17,33
plan,20
india,15
franklin,15
20390675,15
ultra,13
super,13
short,13
institutional,13
bond,13
sbi,8
chip,8
blue,8
16058204,8
hdfc,7
25,7
10950068,7
10,7
option,6
18018qzb17000017,6
cap,5
39,5
opportunities,4
mid,4
54,4
26,4
24,4
18018qzb17000019,4
18018qzb17000001,3
t,2
prima,2
l,2
equity,2
emerging,2
businesses,2
632,2
4921931,2
38,2
32,2
3086,2
18018qzb17000008,2
14,2
115182340000032,2
sun,1
small,1
life,1
hybrid,1
frontline,1
birla,1
balanced,1
aditya,1
9946,1
972,1
965,1
9407,1
9209,1
9178,1
91,1
904,1
8931,1
892,1
8734,1
8693,1
836,1
828,1
815,1
813,1
796,1
79,1
771,1
7709,1
76,1
7582,1
7490,1
723,1
71,1
70,1
699,1
682,1
662,1
64,1
621,1
62,1
61,1
594,1
586,1
560,1
555,1
537,1
5301,1
519,1
512,1
508,1
4868,1
4824,1
468,1
4587,1
4495,1
44,1
431,1
43,1
426,1
415,1
41,1
40,1
4,1
389,1
3865,1
372,1
357,1
342,1
323,1
311,1
3099,1
293,1
29,1
2580,1
258,1
2419,1
224182090000502,1
2231,1
223,1
222190590000243,1
221190180000054,1
221,1
219181440000453,1
218190240000646,1
217182410000052,1
217182340000032,1
213182750001670,1
2128,1
212190380001663,1
208190660001664,1
208190350000357,1
208182290000587,1
204190140000067,1
204183360002126,1
201190350000109,1
200,1
199,1
18460,1
184,1
181,1
18018qzb17000030,1
18018qzb17000029,1
18018qzb17000028,1
18018qzb17000027,1
18018qzb17000026,1
18018qzb17000024,1
18018qzb17000023,1
18018qzb17000022,1
18018qzb17000021,1
18018qzb17000018,1
18018qzb17000016,1
18018qzb17000010,1
18018qzb17000009,1
18018qzb17000007,1
18018qzb17000006,1
18018qzb17000004,1
18018qzb17000003,1
18018qzb17000002,1
169,1
157,1
154,1
1525,1
142,1
133,1
1306,1
130,1
122,1
119181760000210,1
119181440000452,1
119181440000451,1
117182170000063,1
115183280000128,1
113182750001675,1
113182750001674,1
113182750001673,1
113182750001672,1
113182750001671,1
112,1
108190640000069,1
106181790000286,1
106,1
1042,1
104183360002125,1
104183360002124,1
104183360002123,1
1036603168,1
1025,1
102182740000352,1
092,1
0752,1
073,1
067,1
056,1
0363,1
017,1
005,1
0021,1
001,1usertxn,1
unit,1
ultra,1
short,1
sbi,1
price,1
plan,1
no,1
magnum,1
growth,1
gron,1
fund,1
folio,1
duration,1
direct,1
canno,1
971,1
7989,1
4176,1
18018qzb17000031,1
18018qzb17,1
16058204,1
111190960000251,1
11,1usertxn,32
no,32
growth,32
gron,32
fund,32
folio,32
direct,32
canno,32
18018qzb17,32
plan,15
sbi,14
cap,14
18018qzb17000012,14
16058204,14
ultra,8
super,8
short,8
institutional,8
india,8
franklin,8
bond,8
222182410000083,8
20390675,8
18018qzb17000015,8
small,7
option,7
opportunities,7
mid,7
hdfc,7
chip,7
blue,7
18018qzb17000005,7
117182410000058,7
117182410000057,7
114182120000053,7
10950068,7
10,7
term,3
long,3
equity,3
axis,3
325190140000058,3
18018qzb17000020,3
0,3usertxn,33
unit,33
price,33
no,33
growth,33
gron,33
fund,33
folio,33
direct,33
canno,33
18018qzb17,33
plan,20
india,15
franklin,15
20390675,15
ultra,13
super,13
short,13
institutional,13
bond,13
sbi,8
chip,8
blue,8
16058204,8
hdfc,7
25,7
10950068,7
10,7
option,6
18018qzb17000017,6
cap,5
39,5
opportunities,4
mid,4
54,4
26,4
24,4
18018qzb17000019,4
18018qzb17000001,3
t,2
prima,2
l,2
equity,2
emerging,2
businesses,2
632,2
4921931,2
38,2
32,2
3086,2
18018qzb17000008,2
14,2
115182340000032,2
sun,1
small,1
life,1
hybrid,1
frontline,1
birla,1
balanced,1
aditya,1
9946,1
972,1
965,1
9407,1
9209,1
9178,1
91,1
904,1
8931,1
892,1
8734,1
8693,1
836,1
828,1
815,1
813,1
796,1
79,1
771,1
7709,1
76,1
7582,1
7490,1
723,1
71,1
70,1
699,1
682,1
662,1
64,1
621,1
62,1
61,1
594,1
586,1
560,1
555,1
537,1
5301,1
519,1
512,1
508,1
4868,1
4824,1
468,1
4587,1
4495,1
44,1
431,1
43,1
426,1
415,1
41,1
40,1
4,1
389,1
3865,1
372,1
357,1
342,1
323,1
311,1
3099,1
293,1
29,1
2580,1
258,1
2419,1
224182090000502,1
2231,1
223,1
222190590000243,1
221190180000054,1
221,1
219181440000453,1
218190240000646,1
217182410000052,1
217182340000032,1
213182750001670,1
2128,1
212190380001663,1
208190660001664,1
208190350000357,1
208182290000587,1
204190140000067,1
204183360002126,1
201190350000109,1
200,1
199,1
18460,1
184,1
181,1
18018qzb17000030,1
18018qzb17000029,1
18018qzb17000028,1
18018qzb17000027,1
18018qzb17000026,1
18018qzb17000024,1
18018qzb17000023,1
18018qzb17000022,1
18018qzb17000021,1
18018qzb17000018,1
18018qzb17000016,1
18018qzb17000010,1
18018qzb17000009,1
18018qzb17000007,1
18018qzb17000006,1
18018qzb17000004,1
18018qzb17000003,1
18018qzb17000002,1
169,1
157,1
154,1
1525,1
142,1
133,1
1306,1
130,1
122,1
119181760000210,1
119181440000452,1
119181440000451,1
117182170000063,1
115183280000128,1
113182750001675,1
113182750001674,1
113182750001673,1
113182750001672,1
113182750001671,1
112,1
108190640000069,1
106181790000286,1
106,1
1042,1
104183360002125,1
104183360002124,1
104183360002123,1
1036603168,1
1025,1
102182740000352,1
092,1
0752,1
073,1
067,1
056,1
0363,1
017,1
005,1
0021,1
001,1usertxn,1
unit,1
ultra,1
short,1
sbi,1
price,1
plan,1
no,1
magnum,1
growth,1
gron,1
fund,1
folio,1
duration,1
direct,1
canno,1
971,1
7989,1
4176,1
18018qzb17000031,1
18018qzb17,1
16058204,1
111190960000251,1
11,1usertxn,32
no,32
growth,32
gron,32
fund,32
folio,32
direct,32
canno,32
18018qzb17,32
plan,15
sbi,14
cap,14
18018qzb17000012,14
16058204,14
ultra,8
super,8
short,8
institutional,8
india,8
franklin,8
bond,8
222182410000083,8
20390675,8
18018qzb17000015,8
small,7
option,7
opportunities,7
mid,7
hdfc,7
chip,7
blue,7
18018qzb17000005,7
117182410000058,7
117182410000057,7
114182120000053,7
10950068,7
10,7
term,3
long,3
equity,3
axis,3
325190140000058,3
18018qzb17000020,3
0,3usertxn,33
unit,33
price,33
no,33
growth,33
gron,33
fund,33
folio,33
direct,33
canno,33
18018qzb17,33
plan,20
india,15
franklin,15
20390675,15
ultra,13
super,13
short,13
institutional,13
bond,13
sbi,8
chip,8
blue,8
16058204,8
hdfc,7
25,7
10950068,7
10,7
option,6
18018qzb17000017,6
cap,5
39,5
opportunities,4
mid,4
54,4
26,4
24,4
18018qzb17000019,4
18018qzb17000001,3
t,2
prima,2
l,2
equity,2
emerging,2
businesses,2
632,2
4921931,2
38,2
32,2
3086,2
18018qzb17000008,2
14,2
115182340000032,2
sun,1
small,1
life,1
hybrid,1
frontline,1
birla,1
balanced,1
aditya,1
9946,1
972,1
965,1
9407,1
9209,1
9178,1
91,1
904,1
8931,1
892,1
8734,1
8693,1
836,1
828,1
815,1
813,1
796,1
79,1
771,1
7709,1
76,1
7582,1
7490,1
723,1
71,1
70,1
699,1
682,1
662,1
64,1
621,1
62,1
61,1
594,1
586,1
560,1
555,1
537,1
5301,1
519,1
512,1
508,1
4868,1
4824,1
468,1
4587,1
4495,1
44,1
431,1
43,1
426,1
415,1
41,1
40,1
4,1
389,1
3865,1
372,1
357,1
342,1
323,1
311,1
3099,1
293,1
29,1
2580,1
258,1
2419,1
224182090000502,1
2231,1
223,1
222190590000243,1
221190180000054,1
221,1
219181440000453,1
218190240000646,1
217182410000052,1
217182340000032,1
213182750001670,1
2128,1
212190380001663,1
208190660001664,1
208190350000357,1
208182290000587,1
204190140000067,1
204183360002126,1
201190350000109,1
200,1
199,1
18460,1
184,1
181,1
18018qzb17000030,1
18018qzb17000029,1
18018qzb17000028,1
18018qzb17000027,1
18018qzb17000026,1
18018qzb17000024,1
18018qzb17000023,1
18018qzb17000022,1
18018qzb17000021,1
18018qzb17000018,1
18018qzb17000016,1
18018qzb17000010,1
18018qzb17000009,1
18018qzb17000007,1
18018qzb17000006,1
18018qzb17000004,1
18018qzb17000003,1
18018qzb17000002,1
169,1
157,1
154,1
1525,1
142,1
133,1
1306,1
130,1
122,1
119181760000210,1
119181440000452,1
119181440000451,1
117182170000063,1
115183280000128,1
113182750001675,1
113182750001674,1
113182750001673,1
113182750001672,1
113182750001671,1
112,1
108190640000069,1
106181790000286,1
106,1
1042,1
104183360002125,1
104183360002124,1
104183360002123,1
1036603168,1
1025,1
102182740000352,1
092,1
0752,1
073,1
067,1
056,1
0363,1
017,1
005,1
0021,1
001,1usertxn,1
unit,1
ultra,1
short,1
sbi,1
price,1
plan,1
no,1
magnum,1
growth,1
gron,1
fund,1
folio,1
duration,1
direct,1
canno,1
971,1
7989,1
4176,1
18018qzb17000031,1
18018qzb17,1
16058204,1
111190960000251,1
11,1usertxn,32
no,32
growth,32
gron,32
fund,32
folio,32
direct,32
canno,32
18018qzb17,32
plan,15
sbi,14
cap,14
18018qzb17000012,14
16058204,14
ultra,8
super,8
short,8
institutional,8
india,8
franklin,8
bond,8
222182410000083,8
20390675,8
18018qzb17000015,8
small,7
option,7
opportunities,7
mid,7
hdfc,7
chip,7
blue,7
18018qzb17000005,7
117182410000058,7
117182410000057,7
114182120000053,7
10950068,7
10,7
term,3
long,3
equity,3
axis,3
325190140000058,3
18018qzb17000020,3
0,3usertxn,33
unit,33
price,33
no,33
growth,33
gron,33
fund,33
folio,33
direct,33
canno,33
18018qzb17,33
plan,20
india,15
franklin,15
20390675,15
ultra,13
super,13
short,13
institutional,13
bond,13
sbi,8
chip,8
blue,8
16058204,8
hdfc,7
25,7
10950068,7
10,7
option,6
18018qzb17000017,6
cap,5
39,5
opportunities,4
mid,4
54,4
26,4
24,4
18018qzb17000019,4
18018qzb17000001,3
t,2
prima,2
l,2
equity,2
emerging,2
businesses,2
632,2
4921931,2
38,2
32,2
3086,2
18018qzb17000008,2
14,2
115182340000032,2
sun,1
small,1
life,1
hybrid,1
frontline,1
birla,1
balanced,1
aditya,1
9946,1
972,1
965,1
9407,1
9209,1
9178,1
91,1
904,1
8931,1
892,1
8734,1
8693,1
836,1
828,1
815,1
813,1
796,1
79,1
771,1
7709,1
76,1
7582,1
7490,1
723,1
71,1
70,1
699,1
682,1
662,1
64,1
621,1
62,1
61,1
594,1
586,1
560,1
555,1
537,1
5301,1
519,1
512,1
508,1
4868,1
4824,1
468,1
4587,1
4495,1
44,1
431,1
43,1
426,1
415,1
41,1
40,1
4,1
389,1
3865,1
372,1
357,1
342,1
323,1
311,1
3099,1
293,1
29,1
2580,1
258,1
2419,1
224182090000502,1
2231,1
223,1
222190590000243,1
221190180000054,1
221,1
219181440000453,1
218190240000646,1
217182410000052,1
217182340000032,1
213182750001670,1
2128,1
212190380001663,1
208190660001664,1
208190350000357,1
208182290000587,1
204190140000067,1
204183360002126,1
201190350000109,1
200,1
199,1
18460,1
184,1
181,1
18018qzb17000030,1
18018qzb17000029,1
18018qzb17000028,1
18018qzb17000027,1
18018qzb17000026,1
18018qzb17000024,1
18018qzb17000023,1
18018qzb17000022,1
18018qzb17000021,1
18018qzb17000018,1
18018qzb17000016,1
18018qzb17000010,1
18018qzb17000009,1
18018qzb17000007,1
18018qzb17000006,1
18018qzb17000004,1
18018qzb17000003,1
18018qzb17000002,1
169,1
157,1
154,1
1525,1
142,1
133,1
1306,1
130,1
122,1
119181760000210,1
119181440000452,1
119181440000451,1
117182170000063,1
115183280000128,1
113182750001675,1
113182750001674,1
113182750001673,1
113182750001672,1
113182750001671,1
112,1
108190640000069,1
106181790000286,1
106,1
1042,1
104183360002125,1
104183360002124,1
104183360002123,1
1036603168,1
1025,1
102182740000352,1
092,1
0752,1
073,1
067,1
056,1
0363,1
017,1
005,1
0021,1
001,1usertxn,1
unit,1
ultra,1
short,1
sbi,1
price,1
plan,1
no,1
magnum,1
growth,1
gron,1
fund,1
folio,1
duration,1
direct,1
canno,1
971,1
7989,1
4176,1
18018qzb17000031,1
18018qzb17,1
16058204,1
111190960000251,1
11,1usertxn,34
no,34
growth,34
gron,34
fund,34
folio,34
direct,34
canno,34
18018qzb17,34
plan,16
cap,16
18018qzb17000012,16
sbi,15
16058204,15
ultra,8
super,8
small,8
short,8
option,8
opportunities,8
mid,8
institutional,8
india,8
hdfc,8
franklin,8
bond,8
222182410000083,8
20390675,8
18018qzb17000015,8
117182410000058,8
117182410000057,8
10950068,8
10,8
chip,7
blue,7
18018qzb17000005,7
114182120000053,7
term,3
long,3
equity,3
axis,3
325190140000058,3
18018qzb17000020,3
0,3usertxn,33
unit,33
price,33
no,33
growth,33
gron,33
fund,33
folio,33
direct,33
canno,33
18018qzb17,33
plan,20
india,15
franklin,15
20390675,15
ultra,13
super,13
short,13
institutional,13
bond,13
sbi,8
chip,8
blue,8
16058204,8
hdfc,7
25,7
10950068,7
10,7
option,6
18018qzb17000017,6
cap,5
39,5
opportunities,4
mid,4
54,4
26,4
24,4
18018qzb17000019,4
18018qzb17000001,3
t,2
prima,2
l,2
equity,2
emerging,2
businesses,2
632,2
4921931,2
38,2
32,2
3086,2
18018qzb17000008,2
14,2
115182340000032,2
sun,1
small,1
life,1
hybrid,1
frontline,1
birla,1
balanced,1
aditya,1
9946,1
972,1
965,1
9407,1
9209,1
9178,1
91,1
904,1
8931,1
892,1
8734,1
8693,1
836,1
828,1
815,1
813,1
796,1
79,1
771,1
7709,1
76,1
7582,1
7490,1
723,1
71,1
70,1
699,1
682,1
662,1
64,1
621,1
62,1
61,1
594,1
586,1
560,1
555,1
537,1
5301,1
519,1
512,1
508,1
4868,1
4824,1
468,1
4587,1
4495,1
44,1
431,1
43,1
426,1
415,1
41,1
40,1
4,1
389,1
3865,1
372,1
357,1
342,1
323,1
311,1
3099,1
293,1
29,1
2580,1
258,1
2419,1
224182090000502,1
2231,1
223,1
222190590000243,1
221190180000054,1
221,1
219181440000453,1
218190240000646,1
217182410000052,1
217182340000032,1
213182750001670,1
2128,1
212190380001663,1
208190660001664,1
208190350000357,1
208182290000587,1
204190140000067,1
204183360002126,1
201190350000109,1
200,1
199,1
18460,1
184,1
181,1
18018qzb17000030,1
18018qzb17000029,1
18018qzb17000028,1
18018qzb17000027,1
18018qzb17000026,1
18018qzb17000024,1
18018qzb17000023,1
18018qzb17000022,1
18018qzb17000021,1
18018qzb17000018,1
18018qzb17000016,1
18018qzb17000010,1
18018qzb17000009,1
18018qzb17000007,1
18018qzb17000006,1
18018qzb17000004,1
18018qzb17000003,1
18018qzb17000002,1
169,1
157,1
154,1
1525,1
142,1
133,1
1306,1
130,1
122,1
119181760000210,1
119181440000452,1
119181440000451,1
117182170000063,1
115183280000128,1
113182750001675,1
113182750001674,1
113182750001673,1
113182750001672,1
113182750001671,1
112,1
108190640000069,1
106181790000286,1
106,1
1042,1
104183360002125,1
104183360002124,1
104183360002123,1
1036603168,1
1025,1
102182740000352,1
092,1
0752,1
073,1
067,1
056,1
0363,1
017,1
005,1
0021,1
001,1usertxn,1
unit,1
ultra,1
short,1
sbi,1
price,1
plan,1
no,1
magnum,1
growth,1
gron,1
fund,1
folio,1
duration,1
direct,1
canno,1
971,1
7989,1
4176,1
18018qzb17000031,1
18018qzb17,1
16058204,1
111190960000251,1
11,1usertxn,34
no,34
growth,34
gron,34
fund,34
folio,34
direct,34
canno,34
18018qzb17,34
plan,16
cap,16
18018qzb17000012,16
sbi,15
16058204,15
ultra,8
super,8
small,8
short,8
option,8
opportunities,8
mid,8
institutional,8
india,8
hdfc,8
franklin,8
bond,8
222182410000083,8
20390675,8
18018qzb17000015,8
117182410000058,8
117182410000057,8
10950068,8
10,8
chip,7
blue,7
18018qzb17000005,7
114182120000053,7
term,3
long,3
equity,3
axis,3
325190140000058,3
18018qzb17000020,3
0,3