usertxn,11
sbi,11
no,11
growth,11
gron,11
fund,11
folio,11
direct,11
chip,11
canno,11
blue,11
20316082,11
17259qza98000007,11
17259qza98,11
117181520000010,11usertxn,11
sbi,11
no,11
growth,11
gron,11
fund,11
folio,11
direct,11
chip,11
canno,11
blue,11
20316082,11
17259qza98000007,11
17259qza98,11
117181520000010,11usertxn,19
unit,19
price,19
no,19
growth,19
gron,19
fund,19
folio,19
direct,19
canno,19
18018qzb17,19
sbi,8
chip,8
blue,8
16058204,8
hdfc,7
10950068,7
10,7
plan,6
option,6
cap,5
opportunities,4
mid,4
54,4
39,4
18018qzb17000017,4
18018qzb17000019,3
18018qzb17000001,3
t,2
prima,2
l,2
india,2
franklin,2
emerging,2
businesses,2
632,2
4921931,2
38,2
32,2
3086,2
20390675,2
18018qzb17000008,2
14,2
115182340000032,2
small,1
hybrid,1
equity,1
balanced,1
9209,1
91,1
904,1
836,1
815,1
813,1
796,1
79,1
771,1
76,1
71,1
70,1
662,1
64,1
621,1
61,1
594,1
560,1
555,1
537,1
519,1
512,1
4868,1
468,1
4495,1
44,1
43,1
426,1
415,1
41,1
40,1
389,1
372,1
342,1
323,1
311,1
3099,1
293,1
25,1
24,1
2231,1
221,1
219181440000453,1
217182340000032,1
200,1
184,1
181,1
18018qzb17000029,1
18018qzb17000018,1
18018qzb17000016,1
18018qzb17000009,1
18018qzb17000006,1
18018qzb17000003,1
18018qzb17000002,1
154,1
142,1
133,1
1306,1
130,1
122,1
119181760000210,1
119181440000452,1
119181440000451,1
117182170000063,1
115183280000128,1
113182750001674,1
113182750001673,1
113182750001672,1
113182750001671,1
112,1
108190640000069,1
106181790000286,1
106,1
1042,1
104183360002125,1
104183360002124,1
104183360002123,1
1025,1
102182740000352,1
092,1
073,1
056,1
005,1
0021,1usertxn,1
unit,1
ultra,1
short,1
sbi,1
price,1
plan,1
no,1
magnum,1
growth,1
gron,1
fund,1
folio,1
duration,1
direct,1
canno,1
971,1
7989,1
4176,1
18018qzb17000031,1
18018qzb17,1
16058204,1
111190960000251,1
11,1usertxn,24
no,24
growth,24
gron,24
fund,24
folio,24
direct,24
canno,24
18018qzb17,24
sbi,14
cap,14
18018qzb17000012,14
16058204,14
small,7
plan,7
option,7
opportunities,7
mid,7
hdfc,7
chip,7
blue,7
18018qzb17000005,7
117182410000058,7
117182410000057,7
114182120000053,7
10950068,7
10,7
term,3
long,3
equity,3
axis,3
325190140000058,3
18018qzb17000020,3
0,3